   3.8461538e-02
   0.0000000e+00
   3.8461538e-02
   0.0000000e+00
   0.0000000e+00
   0.0000000e+00
   0.0000000e+00
   3.8461538e-02
   3.8461538e-02
   3.8461538e-02
   0.0000000e+00
   0.0000000e+00
   0.0000000e+00
   0.0000000e+00
   0.0000000e+00
   3.8461538e-02
   0.0000000e+00
   3.8461538e-02
   0.0000000e+00
   0.0000000e+00
   0.0000000e+00
   0.0000000e+00
   3.8461538e-02
   3.8461538e-02
   0.0000000e+00
   0.0000000e+00
   3.8461538e-02
   3.8461538e-02
   3.8461538e-02
   3.8461538e-02
   0.0000000e+00
   3.8461538e-02
   3.8461538e-02
   3.8461538e-02
   0.0000000e+00
   3.8461538e-02
   0.0000000e+00
   3.8461538e-02
   3.8461538e-02
   3.8461538e-02
   0.0000000e+00
   0.0000000e+00
   3.8461538e-02
   0.0000000e+00
   0.0000000e+00
   3.8461538e-02
   3.8461538e-02
   0.0000000e+00
   0.0000000e+00
   3.8461538e-02
   3.8461538e-02
   3.8461538e-02
