   1.9230769e-02
   1.9230769e-02
   1.9230769e-02
   1.9230769e-02
   1.9230769e-02
   1.9230769e-02
   1.9230769e-02
   1.9230769e-02
   1.9230769e-02
   1.9230769e-02
   1.9230769e-02
   1.9230769e-02
   1.9230769e-02
   1.9230769e-02
   1.9230769e-02
   1.9230769e-02
   1.9230769e-02
   1.9230769e-02
   1.9230769e-02
   1.9230769e-02
   1.9230769e-02
   1.9230769e-02
   1.9230769e-02
   1.9230769e-02
   1.9230769e-02
   1.9230769e-02
   1.9230769e-02
   1.9230769e-02
   1.9230769e-02
   1.9230769e-02
   1.9230769e-02
   1.9230769e-02
   1.9230769e-02
   1.9230769e-02
   1.9230769e-02
   1.9230769e-02
   1.9230769e-02
   1.9230769e-02
   1.9230769e-02
   1.9230769e-02
   1.9230769e-02
   1.9230769e-02
   1.9230769e-02
   1.9230769e-02
   1.9230769e-02
   1.9230769e-02
   1.9230769e-02
   1.9230769e-02
   1.9230769e-02
   1.9230769e-02
   1.9230769e-02
   1.9230769e-02
